----------------------------------------
Formation Algorithm       Target λ    Side    Result λ  Result ν  Edges               
----------------------------------------
generating decision tree map
generating decision tree with 2175 leaves and 30568 options and min 0.2625951831836571 - took 48.41047120094299s
generating decision tree map
generating decision tree with 7273 leaves and 26704 options and min 0.26794919243112203 - took 37.10727405548096s
Circular  Full            N/A         N/A     6.0000    1.2000    [(0, 1), (0, 2), (0, 3), (0, 4), (0, 5), (1, 2), (1, 3), (1, 4), (1, 5), (2, 3), (2, 4), (2, 5), (3, 4), (3, 5), (4, 5)]

Circular  Decision Tree   0.25        one     0.4384    0.2626    [(0, 1), (1, 4), (1, 5), (2, 3), (2, 4), (3, 4)]
Circular  Small Step      0.25        one     0.4384    0.2727    [(0, 3), (0, 4), (0, 5), (1, 3), (2, 4), (2, 5), (4, 5)]
Circular  Big Step        0.25        one     0.3820    0.2929    [(0, 3), (1, 5), (2, 3), (2, 4), (3, 5)]
Circular  Decision Tree   0.25        one     0.2679    0.1910    [(0, 1), (0, 5), (2, 3), (2, 4), (4, 5)]
Circular  Small Step      0.25        one     0.2679    0.1910    [(0, 5), (1, 3), (2, 3), (2, 4), (4, 5)]
Circular  Big Step        0.25        one     0.3820    0.2929    [(0, 4), (1, 2), (2, 4), (2, 5), (3, 5)]

Circular  Decision Tree   0.5         one     1.0000    0.5000    [(0, 1), (0, 3), (0, 4), (1, 2), (1, 5), (2, 4), (3, 5)]
Circular  Small Step      0.5         one     1.1864    0.5000    [(0, 1), (0, 3), (0, 4), (0, 5), (1, 3), (1, 5), (2, 4), (2, 5), (4, 5)]
Circular  Big Step        0.5         one     1.2679    0.6208    [(0, 3), (0, 4), (1, 4), (1, 5), (2, 3), (2, 4), (3, 5)]
Circular  Decision Tree   0.5         one     0.4859    0.3191    [(0, 3), (0, 4), (0, 5), (1, 2), (1, 3), (3, 4), (3, 5)]
Circular  Small Step      0.5         one     0.5858    0.4226    [(0, 5), (1, 2), (1, 3), (1, 4), (2, 4), (2, 5), (4, 5)]
Circular  Big Step        0.5         one     0.6972    0.4550    [(0, 3), (0, 4), (1, 2), (2, 4), (2, 5), (3, 5)]

Circular  Decision Tree   0.75        one     1.6972    0.7500    [(0, 1), (0, 2), (0, 4), (0, 5), (1, 2), (1, 3), (1, 4), (1, 5), (2, 4), (3, 4)]
Circular  Small Step      0.75        one     2.0000+0.0000j0.8000    [(0, 1), (0, 2), (0, 3), (0, 4), (0, 5), (1, 2), (1, 3), (1, 4), (1, 5), (2, 4), (2, 5), (4, 5)]
Circular  Big Step        0.75        one     2.5858    0.8104    [(0, 3), (0, 4), (0, 5), (1, 2), (1, 3), (1, 4), (1, 5), (2, 3), (2, 4), (3, 5), (4, 5)]
Circular  Decision Tree   0.75        one     0.7639    0.5172    [(0, 1), (0, 3), (0, 4), (0, 5), (1, 2), (1, 3), (3, 4), (3, 5)]
Circular  Small Step      0.75        one     0.7639    0.4795    [(0, 5), (1, 2), (1, 3), (1, 4), (2, 3), (2, 5), (3, 4), (4, 5)]
Circular  Big Step        0.75        one     1.2679    0.6208    [(0, 3), (0, 4), (1, 2), (1, 3), (2, 4), (2, 5), (3, 5)]

Circular  Decision Tree   1           one     4.0000    1.0000    [(0, 1), (0, 2), (0, 3), (0, 4), (0, 5), (1, 2), (1, 3), (1, 4), (1, 5), (2, 3), (2, 4), (2, 5), (3, 4), (4, 5)]
Circular  Small Step      1           one     4.0000    1.0000    [(0, 1), (0, 2), (0, 3), (0, 4), (0, 5), (1, 3), (1, 4), (1, 5), (2, 3), (2, 4), (2, 5), (3, 4), (3, 5), (4, 5)]
Circular  Big Step        1           one     4.0000    1.0000    [(0, 2), (0, 3), (0, 4), (0, 5), (1, 2), (1, 3), (1, 4), (1, 5), (2, 3), (2, 4), (3, 4), (3, 5), (4, 5)]
Circular  Decision Tree   1           one     1.0000    0.7353    [(0, 1), (0, 2), (0, 3), (0, 4), (1, 2), (1, 3), (1, 4), (1, 5), (2, 4), (3, 4)]
Circular  Small Step      1           one     1.0000    0.7808    [(0, 5), (1, 4), (1, 5), (2, 4), (2, 5), (3, 4), (3, 5), (4, 5)]
Circular  Big Step        1           one     1.2679    0.6208    [(0, 3), (0, 4), (1, 2), (1, 3), (2, 4), (2, 5), (3, 5)]

Circular  Decision Tree   1.25        one     6.0000    1.2000    [(0, 1), (0, 2), (0, 3), (0, 4), (0, 5), (1, 2), (1, 3), (1, 4), (1, 5), (2, 3), (2, 4), (2, 5), (3, 4), (3, 5), (4, 5)]
Circular  Small Step      1.25        one     6.0000    1.2000    [(0, 1), (0, 2), (0, 3), (0, 4), (0, 5), (1, 2), (1, 3), (1, 4), (1, 5), (2, 3), (2, 4), (2, 5), (3, 4), (3, 5), (4, 5)]
Circular  Big Step        1.25        one     6.0000    1.2000    [(0, 1), (0, 2), (0, 3), (0, 4), (0, 5), (1, 2), (1, 3), (1, 4), (1, 5), (2, 3), (2, 4), (2, 5), (3, 4), (3, 5), (4, 5)]
Circular  Decision Tree   1.25        one     1.2679    0.5480    [(0, 1), (0, 2), (1, 3), (2, 3), (2, 4), (2, 5), (3, 4), (3, 5), (4, 5)]
Circular  Small Step      1.25        one     1.4384    0.6096    [(0, 4), (0, 5), (1, 2), (1, 3), (1, 4), (1, 5), (2, 3), (3, 4), (3, 5), (4, 5)]
Circular  Big Step        1.25        one     1.2679    0.6208    [(0, 3), (0, 4), (1, 2), (1, 3), (2, 4), (2, 5), (3, 5)]

generating decision tree map
generating decision tree with 7587 leaves and 622 options and min 0.2511302649966543 - took 0.3694441318511963s
generating decision tree map
generating decision tree with 7927 leaves and 188 options and min 0.260322690258353 - took 0.09682726860046387s
Wedge     Full            N/A         N/A     1.0000    0.4226    [(0, 1), (0, 3), (1, 2), (1, 3), (2, 3), (3, 4), (3, 5), (3, 6), (4, 5), (5, 6)]

Wedge     Decision Tree   0.25        one     0.3983    0.2511    [(0, 1), (0, 3), (1, 3), (2, 3), (3, 5), (4, 5), (5, 6)]
Wedge     Small Step      0.25        one     0.4679    0.2929    [(0, 1), (1, 2), (1, 3), (2, 3), (3, 4), (3, 5), (4, 5), (5, 6)]
Wedge     Big Step        0.25        one     0.0000    0.2929    [(0, 1), (1, 3), (3, 4), (4, 5)]
Wedge     Decision Tree   0.25        one     0.2603    0.1835    [(0, 1), (1, 2), (2, 3), (3, 4), (3, 6), (4, 5)]
Wedge     Small Step      0.25        one     0.2603    0.1835    [(0, 1), (1, 2), (2, 3), (3, 5), (3, 6), (4, 5)]
Wedge     Big Step        0.25        one     1.0000    1.0000    [(0, 3), (1, 3), (2, 3), (3, 4), (3, 5), (3, 6)]

Wedge     Decision Tree   0.5         one     1.0000    0.4226    [(0, 1), (0, 3), (1, 2), (1, 3), (2, 3), (3, 4), (3, 5), (3, 6), (4, 5), (5, 6)]
Wedge     Small Step      0.5         one     1.0000    0.4226    [(0, 1), (0, 3), (1, 2), (1, 3), (2, 3), (3, 4), (3, 5), (3, 6), (4, 5), (5, 6)]
Wedge     Big Step        0.5         one     1.0000    0.4226    [(0, 1), (0, 3), (1, 2), (1, 3), (2, 3), (3, 4), (3, 5), (3, 6), (4, 5), (5, 6)]
Wedge     Decision Tree   0.5         one     0.5140    0.2929    [(0, 1), (0, 3), (1, 2), (2, 3), (3, 4), (3, 5), (4, 5), (5, 6)]
Wedge     Small Step      0.5         one     0.5140    0.2929    [(0, 1), (1, 2), (1, 3), (2, 3), (3, 4), (3, 6), (4, 5), (5, 6)]
Wedge     Big Step        0.5         one     1.0000    1.0000    [(0, 3), (1, 3), (2, 3), (3, 4), (3, 5), (3, 6)]

Wedge     Decision Tree   0.75        one     1.0000    0.4226    [(0, 1), (0, 3), (1, 2), (1, 3), (2, 3), (3, 4), (3, 5), (3, 6), (4, 5), (5, 6)]
Wedge     Small Step      0.75        one     1.0000    0.4226    [(0, 1), (0, 3), (1, 2), (1, 3), (2, 3), (3, 4), (3, 5), (3, 6), (4, 5), (5, 6)]
Wedge     Big Step        0.75        one     1.0000    0.4226    [(0, 1), (0, 3), (1, 2), (1, 3), (2, 3), (3, 4), (3, 5), (3, 6), (4, 5), (5, 6)]
Wedge     Decision Tree   0.75        one     0.7269    0.4523    [(0, 1), (0, 3), (1, 2), (2, 3), (3, 4), (3, 5), (3, 6)]
Wedge     Small Step      0.75        one     1.0000    0.4663    [(0, 3), (1, 2), (1, 3), (2, 3), (3, 4), (3, 5), (3, 6), (4, 5), (5, 6)]
Wedge     Big Step        0.75        one     1.0000    1.0000    [(0, 3), (1, 3), (2, 3), (3, 4), (3, 5), (3, 6)]

Wedge     Decision Tree   1           one     1.0000    0.4226    [(0, 1), (0, 3), (1, 2), (1, 3), (2, 3), (3, 4), (3, 5), (3, 6), (4, 5), (5, 6)]
Wedge     Small Step      1           one     1.0000    0.4226    [(0, 1), (0, 3), (1, 2), (1, 3), (2, 3), (3, 4), (3, 5), (3, 6), (4, 5), (5, 6)]
Wedge     Big Step        1           one     1.0000    0.4226    [(0, 1), (0, 3), (1, 2), (1, 3), (2, 3), (3, 4), (3, 5), (3, 6), (4, 5), (5, 6)]
Wedge     Decision Tree   1           one     1.0000    0.4226    [(0, 1), (0, 3), (1, 2), (1, 3), (2, 3), (3, 4), (3, 5), (3, 6), (4, 5), (5, 6)]
Wedge     Small Step      1           one     1.0000    0.4226    [(0, 1), (0, 3), (1, 2), (1, 3), (2, 3), (3, 4), (3, 5), (3, 6), (4, 5), (5, 6)]
Wedge     Big Step        1           one     1.0000    0.4226    [(0, 1), (0, 3), (1, 2), (1, 3), (2, 3), (3, 4), (3, 5), (3, 6), (4, 5), (5, 6)]

Wedge     Decision Tree   1.25        one     1.0000    0.4226    [(0, 1), (0, 3), (1, 2), (1, 3), (2, 3), (3, 4), (3, 5), (3, 6), (4, 5), (5, 6)]
Wedge     Small Step      1.25        one     1.0000    0.4226    [(0, 1), (0, 3), (1, 2), (1, 3), (2, 3), (3, 4), (3, 5), (3, 6), (4, 5), (5, 6)]
Wedge     Big Step        1.25        one     1.0000    0.4226    [(0, 1), (0, 3), (1, 2), (1, 3), (2, 3), (3, 4), (3, 5), (3, 6), (4, 5), (5, 6)]
Wedge     Decision Tree   1.25        one     1.0000    0.4226    [(0, 1), (0, 3), (1, 2), (1, 3), (2, 3), (3, 4), (3, 5), (3, 6), (4, 5), (5, 6)]
Wedge     Small Step      1.25        one     1.0000    0.4226    [(0, 1), (0, 3), (1, 2), (1, 3), (2, 3), (3, 4), (3, 5), (3, 6), (4, 5), (5, 6)]
Wedge     Big Step        1.25        one     1.0000    0.4226    [(0, 1), (0, 3), (1, 2), (1, 3), (2, 3), (3, 4), (3, 5), (3, 6), (4, 5), (5, 6)]

generating decision tree map
generating decision tree with 7982 leaves and 969 options and min 0.2928932188134521 - took 0.48988890647888184s
generating decision tree map
generating decision tree with 8212 leaves and 728 options and min 0.3819660112501044 - took 0.25599098205566406s
Line      Full            N/A         N/A     5.0000    1.2500    [(0, 1), (0, 2), (0, 3), (0, 4), (1, 2), (1, 3), (1, 4), (2, 3), (2, 4), (3, 4)]

Line      Decision Tree   0.25        one     0.3820    0.2929    [(0, 1), (0, 2), (2, 4), (3, 4)]
Line      Small Step      0.25        one     0.3820    0.2929    [(0, 4), (1, 2), (2, 3), (3, 4)]
Line      Big Step        0.25        one     0.5188    0.4226    [(0, 3), (1, 2), (1, 3), (3, 4)]
Line      Decision Tree   0.25        one     0.3820    0.2929    [(0, 2), (0, 4), (1, 2), (1, 3)]
Line      Small Step      0.25        one     0.3820    0.2929    [(0, 3), (1, 2), (2, 4), (3, 4)]
Line      Big Step        0.25        one     0.5188    0.4226    [(0, 2), (1, 4), (2, 3), (2, 4)]

Line      Decision Tree   0.5         one     1.0000    0.5000    [(0, 1), (0, 2), (0, 3), (0, 4), (1, 3), (2, 4)]
Line      Small Step      0.5         one     0.8299    0.5657    [(0, 4), (1, 2), (1, 3), (2, 3), (2, 4), (3, 4)]
Line      Big Step        0.5         one     0.8299    0.5918    [(0, 2), (0, 3), (1, 2), (1, 3), (3, 4)]
Line      Decision Tree   0.5         one     0.5188    0.3459    [(0, 3), (0, 4), (1, 2), (1, 4), (2, 4)]
Line      Small Step      0.5         one     0.5188    0.4226    [(0, 3), (1, 4), (2, 4), (3, 4)]
Line      Big Step        0.5         one     0.5188    0.4226    [(0, 2), (1, 4), (2, 3), (2, 4)]

Line      Decision Tree   0.75        one     1.0000    0.7713    [(0, 1), (0, 3), (0, 4), (1, 3), (2, 3), (3, 4)]
Line      Small Step      0.75        one     2.0000    0.8523    [(0, 2), (0, 4), (1, 2), (1, 3), (1, 4), (2, 3), (2, 4), (3, 4)]
Line      Big Step        0.75        one     2.0000    0.8619    [(0, 2), (0, 3), (1, 2), (1, 3), (1, 4), (2, 4), (3, 4)]
Line      Decision Tree   0.75        one     0.6972    0.5657    [(0, 2), (0, 3), (0, 4), (1, 2), (2, 3)]
Line      Small Step      0.75        one     0.8299    0.5657    [(0, 3), (1, 2), (1, 3), (1, 4), (2, 4), (3, 4)]
Line      Big Step        0.75        one     0.8299    0.5918    [(0, 2), (1, 3), (1, 4), (2, 3), (2, 4)]

Line      Decision Tree   1           one     3.0000    1.0000    [(0, 1), (0, 2), (0, 3), (0, 4), (1, 2), (1, 4), (2, 3), (2, 4), (3, 4)]
Line      Small Step      1           one     3.0000    1.0000    [(0, 1), (0, 2), (0, 3), (0, 4), (1, 3), (1, 4), (2, 3), (2, 4), (3, 4)]
Line      Big Step        1           one     3.0000    1.0000    [(0, 1), (0, 2), (0, 3), (0, 4), (1, 2), (1, 3), (1, 4), (2, 4), (3, 4)]
Line      Decision Tree   1           one     1.0000    0.7713    [(0, 1), (0, 2), (1, 2), (1, 3), (2, 3), (2, 4)]
Line      Small Step      1           one     1.0000    0.7713    [(0, 3), (1, 2), (1, 3), (2, 3), (2, 4), (3, 4)]
Line      Big Step        1           one     2.0000    1.0000    [(0, 1), (0, 2), (1, 3), (1, 4), (2, 3), (2, 4)]

Line      Decision Tree   1.25        one     5.0000    1.2500    [(0, 1), (0, 2), (0, 3), (0, 4), (1, 2), (1, 3), (1, 4), (2, 3), (2, 4), (3, 4)]
Line      Small Step      1.25        one     5.0000    1.2500    [(0, 1), (0, 2), (0, 3), (0, 4), (1, 2), (1, 3), (1, 4), (2, 3), (2, 4), (3, 4)]
Line      Big Step        1.25        one     5.0000    1.2500    [(0, 1), (0, 2), (0, 3), (0, 4), (1, 2), (1, 3), (1, 4), (2, 3), (2, 4), (3, 4)]
Line      Decision Tree   1.25        one     1.3820    0.6667    [(0, 2), (0, 4), (1, 2), (1, 3), (1, 4), (2, 3)]
Line      Small Step      1.25        one     1.3820    0.6910    [(0, 2), (0, 3), (1, 3), (1, 4), (2, 4)]
Line      Big Step        1.25        one     2.0000    1.0000    [(0, 1), (0, 2), (1, 3), (1, 4), (2, 3), (2, 4)]

